При условии взятия кредита на сумму 20000 рублей под 12% годовых на срок 36 месяцев
ежемесячный аннуитетный платеж составит 664,29 рублей/месяц, переплата составит 3914,3 рублей
Месяцев до погашения	| Сумма		| Осталось
--------------------------------------------------------
36			| 0		| 20000
--------------------------------------------------------
35			| 664,29	| 19535,71
--------------------------------------------------------
34			| 664,29	| 19066,78
--------------------------------------------------------
33			| 664,29	| 18593,16
--------------------------------------------------------
32			| 664,29	| 18114,81
--------------------------------------------------------
31			| 664,29	| 17631,67
--------------------------------------------------------
30			| 664,29	| 17143,7
--------------------------------------------------------
29			| 664,29	| 16650,85
--------------------------------------------------------
28			| 664,29	| 16153,07
--------------------------------------------------------
27			| 664,29	| 15650,31
--------------------------------------------------------
26			| 664,29	| 15142,53
--------------------------------------------------------
25			| 664,29	| 14629,67
--------------------------------------------------------
24			| 664,29	| 14111,68
--------------------------------------------------------
23			| 664,29	| 13588,51
--------------------------------------------------------
22			| 664,29	| 13060,11
--------------------------------------------------------
21			| 664,29	| 12526,42
--------------------------------------------------------
20			| 664,29	| 11987,4
--------------------------------------------------------
19			| 664,29	| 11442,99
--------------------------------------------------------
18			| 664,29	| 10893,13
--------------------------------------------------------
17			| 664,29	| 10337,78
--------------------------------------------------------
16			| 664,29	| 9776,87
--------------------------------------------------------
15			| 664,29	| 9210,35
--------------------------------------------------------
14			| 664,29	| 8638,17
--------------------------------------------------------
13			| 664,29	| 8060,27
--------------------------------------------------------
12			| 664,29	| 7476,59
--------------------------------------------------------
11			| 664,29	| 6887,07
--------------------------------------------------------
10			| 664,29	| 6291,65
--------------------------------------------------------
9			| 664,29	| 5690,28
--------------------------------------------------------
8			| 664,29	| 5082,9
--------------------------------------------------------
7			| 664,29	| 4469,44
--------------------------------------------------------
6			| 664,29	| 3849,85
--------------------------------------------------------
5			| 664,29	| 3224,06
--------------------------------------------------------
4			| 664,29	| 2592,01
--------------------------------------------------------
3			| 664,29	| 1953,64
--------------------------------------------------------
2			| 664,29	| 1308,89
--------------------------------------------------------
1			| 664,29	| 657,69
--------------------------------------------------------
0			| 657,69	| 0
